1 3
1 5
1 9
1 13
1 15
1 23
1 29
1 31
1 37
1 39
1 41
1 43
1 55
1 59
1 67
1 69
1 73
1 81
1 83
1 93
1 99
2 10
2 16
2 18
2 22
2 24
2 30
2 32
2 34
2 42
2 46
2 56
2 62
2 64
2 68
2 70
2 72
2 74
2 78
2 86
2 88
2 96
3 1
3 5
3 9
3 11
3 13
3 15
3 17
3 19
3 25
3 33
3 37
3 39
3 41
3 45
3 49
3 51
3 57
3 61
3 69
3 71
3 87
3 89
3 91
3 99
4 6
4 8
4 10
4 12
4 16
4 26
4 28
4 30
4 32
4 34
4 36
4 40
4 42
4 44
4 50
4 52
4 62
4 64
4 66
4 78
4 80
4 82
4 86
4 88
4 90
4 94
4 96
4 98
4 100
5 1
5 3
5 9
5 11
5 15
5 17
5 19
5 21
5 27
5 31
5 45
5 47
5 51
5 53
5 55
5 57
5 59
5 61
5 67
5 69
5 71
5 77
5 81
5 83
5 85
5 87
5 99
6 4
6 8
6 12
6 14
6 18
6 24
6 28
6 32
6 34
6 36
6 38
6 48
6 54
6 60
6 68
6 74
6 82
6 86
6 88
6 100
7 11
7 13
7 17
7 19
7 21
7 25
7 27
7 29
7 33
7 41
7 43
7 45
7 47
7 49
7 53
7 55
7 59
7 61
7 65
7 67
7 69
7 71
7 73
7 75
7 79
7 81
7 83
7 91
7 97
8 4
8 6
8 20
8 22
8 26
8 34
8 36
8 38
8 40
8 42
8 44
8 46
8 48
8 52
8 56
8 60
8 66
8 70
8 78
8 82
8 84
8 86
8 88
8 94
8 96
9 1
9 3
9 5
9 11
9 21
9 27
9 41
9 47
9 49
9 55
9 69
9 75
9 77
9 81
9 87
9 97
9 99
10 2
10 4
10 12
10 16
10 18
10 20
10 22
10 28
10 32
10 38
10 46
10 48
10 60
10 62
10 64
10 70
10 72
10 76
10 78
10 80
10 82
10 88
10 90
10 92
10 98
11 3
11 5
11 7
11 9
11 15
11 17
11 19
11 25
11 27
11 31
11 33
11 37
11 43
11 45
11 51
11 53
11 59
11 67
11 69
11 75
11 77
11 79
11 81
11 87
11 89
11 93
11 99
12 4
12 6
12 10
12 14
12 16
12 18
12 20
12 24
12 28
12 38
12 42
12 48
12 50
12 54
12 56
12 58
12 60
12 64
12 72
12 74
12 76
12 80
12 82
12 88
12 90
13 1
13 3
13 7
13 15
13 17
13 19
13 21
13 25
13 29
13 31
13 35
13 39
13 43
13 45
13 47
13 49
13 65
13 69
13 71
13 75
13 85
13 89
13 91
13 93
14 6
14 12
14 22
14 26
14 30
14 32
14 34
14 36
14 38
14 40
14 50
14 58
14 59
14 60
14 62
14 66
14 74
14 78
14 80
14 82
15 1
15 3
15 5
15 11
15 13
15 19
15 21
15 25
15 31
15 33
15 35
15 37
15 39
15 41
15 43
15 45
15 47
15 49
15 51
15 65
15 69
15 71
15 77
15 83
15 87
15 95
15 97
16 2
16 4
16 10
16 12
16 22
16 30
16 34
16 44
16 46
16 48
16 50
16 52
16 54
16 64
16 68
16 70
16 72
16 78
16 82
16 84
16 90
16 96
17 3
17 5
17 7
17 11
17 13
17 23
17 27
17 33
17 37
17 39
17 45
17 55
17 59
17 61
17 63
17 65
17 67
17 75
17 77
17 83
17 87
17 89
17 91
18 2
18 6
18 10
18 12
18 24
18 28
18 32
18 34
18 36
18 38
18 48
18 50
18 52
18 56
18 58
18 62
18 64
18 68
18 70
18 72
18 78
18 86
18 88
18 94
18 96
18 100
19 3
19 5
19 7
19 11
19 13
19 15
19 21
19 25
19 29
19 31
19 33
19 39
19 41
19 43
19 45
19 49
19 51
19 53
19 55
19 59
19 61
19 63
19 73
19 75
19 81
19 85
19 87
19 89
19 99
20 8
20 10
20 12
20 24
20 28
20 36
20 38
20 41
20 44
20 46
20 48
20 50
20 52
20 54
20 56
20 62
20 64
20 66
20 72
20 74
20 78
20 80
20 84
20 88
20 90
20 92
20 96
21 5
21 7
21 9
21 13
21 15
21 19
21 23
21 27
21 29
21 35
21 41
21 47
21 49
21 51
21 57
21 63
21 65
21 69
21 71
21 73
21 77
21 79
21 83
21 85
21 89
21 93
21 97
21 99
22 2
22 8
22 10
22 14
22 16
22 34
22 36
22 38
22 42
22 44
22 46
22 48
22 56
22 64
22 66
22 68
22 70
22 72
22 76
22 80
22 88
22 90
22 100
23 1
23 17
23 21
23 25
23 31
23 33
23 37
23 47
23 49
23 51
23 59
23 61
23 63
23 67
23 71
23 73
23 77
23 81
23 87
23 93
23 95
23 97
24 2
24 6
24 12
24 18
24 20
24 26
24 30
24 36
24 40
24 42
24 46
24 50
24 54
24 56
24 58
24 62
24 64
24 66
24 70
24 76
24 78
24 82
24 86
24 88
24 92
24 94
24 96
24 98
24 100
25 3
25 7
25 11
25 13
25 15
25 19
25 23
25 29
25 31
25 35
25 37
25 39
25 43
25 45
25 47
25 53
25 55
25 57
25 61
25 65
25 69
25 71
25 73
25 87
25 93
25 97
25 99
26 4
26 8
26 14
26 24
26 28
26 32
26 34
26 36
26 42
26 44
26 52
26 62
26 66
26 70
26 72
26 80
26 86
26 88
26 90
26 92
26 94
26 96
26 98
26 100
27 5
27 7
27 9
27 11
27 17
27 21
27 29
27 31
27 33
27 35
27 37
27 39
27 41
27 51
27 55
27 57
27 59
27 61
27 63
27 67
27 69
27 71
27 75
27 77
27 81
27 87
27 91
27 93
27 95
28 4
28 6
28 10
28 12
28 18
28 20
28 26
28 30
28 48
28 50
28 52
28 54
28 56
28 58
28 62
28 66
28 68
28 76
28 78
28 86
28 90
28 92
28 94
29 1
29 7
29 13
29 19
29 21
29 25
29 27
29 35
29 41
29 43
29 45
29 49
29 55
29 57
29 59
29 65
29 67
29 71
29 73
29 75
29 77
29 79
29 85
29 87
29 91
29 99
30 2
30 4
30 14
30 16
30 24
30 28
30 34
30 36
30 38
30 40
30 42
30 44
30 50
30 52
30 58
30 60
30 62
30 64
30 66
30 70
30 74
30 88
30 90
30 94
30 98
31 1
31 5
31 11
31 13
31 15
31 19
31 23
31 25
31 27
31 33
31 37
31 39
31 49
31 51
31 57
31 69
31 75
31 77
31 79
31 81
31 83
31 87
32 2
32 4
32 6
32 10
32 14
32 18
32 26
32 40
32 42
32 46
32 48
32 52
32 56
32 58
32 60
32 62
32 66
32 72
32 74
32 76
32 78
32 80
32 86
32 90
32 96
32 98
32 100
33 3
33 7
33 11
33 15
33 17
33 19
33 23
33 27
33 31
33 35
33 37
33 41
33 43
33 45
33 49
33 51
33 55
33 57
33 65
33 73
33 87
33 89
33 95
34 2
34 4
34 6
34 8
34 14
34 16
34 18
34 22
34 26
34 30
34 38
34 40
34 42
34 44
34 46
34 52
34 56
34 62
34 66
34 70
34 94
34 96
35 13
35 15
35 21
35 25
35 27
35 29
35 33
35 39
35 47
35 53
35 55
35 61
35 63
35 67
35 69
35 71
35 73
35 75
35 89
35 95
35 97
35 99
36 4
36 6
36 8
36 14
36 18
36 20
36 22
36 24
36 26
36 30
36 40
36 50
36 54
36 58
36 60
36 66
36 68
36 72
36 74
36 82
36 84
36 86
36 90
36 100
37 1
37 3
37 11
37 15
37 17
37 23
37 25
37 27
37 31
37 33
37 43
37 47
37 55
37 57
37 71
37 73
37 77
37 81
37 85
37 89
37 95
37 97
38 6
38 8
38 10
38 12
38 14
38 18
38 20
38 22
38 30
38 34
38 40
38 48
38 54
38 56
38 58
38 62
38 64
38 66
38 70
38 74
38 76
38 78
38 80
38 86
38 92
38 100
39 1
39 3
39 13
39 15
39 17
39 19
39 25
39 27
39 31
39 35
39 41
39 43
39 47
39 49
39 51
39 53
39 57
39 59
39 61
39 65
39 67
39 69
39 75
39 77
39 81
39 83
39 85
39 87
39 89
39 91
39 95
39 97
40 4
40 8
40 14
40 24
40 30
40 32
40 34
40 36
40 38
40 42
40 46
40 54
40 56
40 64
40 68
40 70
40 76
40 78
40 80
40 82
40 86
40 88
40 90
40 94
40 96
40 100
41 1
41 3
41 7
41 9
41 15
41 19
41 20
41 21
41 27
41 29
41 33
41 39
41 43
41 45
41 57
41 61
41 69
41 75
41 83
41 91
41 93
42 2
42 4
42 8
42 12
42 22
42 24
42 26
42 30
42 32
42 34
42 40
42 46
42 52
42 60
42 62
42 66
42 68
42 72
42 74
42 76
42 80
42 82
42 86
42 90
42 92
42 100
43 1
43 7
43 11
43 13
43 15
43 19
43 25
43 29
43 33
43 37
43 39
43 41
43 45
43 51
43 53
43 55
43 57
43 59
43 77
43 79
43 81
43 83
43 87
43 89
43 91
43 93
43 97
43 99
44 4
44 8
44 16
44 20
44 22
44 26
44 30
44 34
44 48
44 54
44 62
44 64
44 68
44 70
44 74
44 76
44 78
44 80
44 82
44 90
44 92
44 94
45 3
45 5
45 7
45 11
45 13
45 15
45 17
45 19
45 25
45 29
45 33
45 41
45 43
45 55
45 61
45 63
45 65
45 67
45 69
45 71
45 77
45 79
45 81
45 83
45 87
45 89
45 95
45 97
45 99
46 2
46 8
46 10
46 16
46 20
46 22
46 24
46 32
46 34
46 40
46 42
46 48
46 54
46 56
46 58
46 62
46 64
46 66
46 68
46 70
46 76
46 78
46 84
46 90
46 92
46 94
46 98
47 5
47 7
47 9
47 13
47 15
47 21
47 23
47 25
47 35
47 37
47 39
47 49
47 53
47 57
47 59
47 61
47 65
47 67
47 75
47 83
47 85
47 87
47 97
47 99
48 6
48 8
48 10
48 12
48 16
48 18
48 20
48 22
48 28
48 32
48 38
48 44
48 46
48 56
48 60
48 64
48 66
48 72
48 82
48 96
48 98
48 100
49 3
49 7
49 9
49 13
49 15
49 19
49 21
49 23
49 29
49 31
49 33
49 39
49 47
49 51
49 53
49 57
49 59
49 65
49 67
49 71
49 75
49 79
49 81
49 83
49 87
49 91
49 93
49 95
49 97
50 4
50 12
50 14
50 16
50 18
50 20
50 24
50 28
50 30
50 36
50 52
50 68
50 76
50 78
50 82
50 88
50 98
51 3
51 5
51 11
51 15
51 19
51 21
51 23
51 27
51 31
51 33
51 39
51 43
51 49
51 55
51 60
51 61
51 63
51 65
51 73
51 75
51 77
51 79
51 81
51 83
51 89
51 93
51 95
51 97
52 4
52 8
52 16
52 18
52 20
52 26
52 28
52 30
52 32
52 34
52 42
52 50
52 54
52 56
52 58
52 60
52 62
52 64
52 66
52 68
52 72
52 80
52 82
52 86
52 88
52 90
52 94
52 100
53 5
53 7
53 11
53 19
53 25
53 35
53 39
53 43
53 47
53 49
53 57
53 59
53 65
53 67
53 69
53 77
53 79
53 91
53 95
54 6
54 12
54 16
54 20
54 24
54 28
54 36
54 38
54 40
54 44
54 46
54 52
54 58
54 62
54 64
54 68
54 70
54 74
54 76
54 78
54 88
54 90
54 94
54 98
54 100
55 1
55 5
55 7
55 9
55 17
55 19
55 25
55 27
55 29
55 33
55 35
55 37
55 43
55 45
55 51
55 57
55 73
55 79
55 83
55 87
55 91
55 93
55 99
56 2
56 8
56 12
56 18
56 20
56 22
56 24
56 28
56 32
56 34
56 38
56 40
56 46
56 48
56 52
56 60
56 64
56 66
56 84
56 90
57 3
57 5
57 21
57 25
57 27
57 29
57 31
57 33
57 37
57 39
57 41
57 43
57 47
57 49
57 53
57 55
57 69
57 75
57 77
57 81
57 83
57 95
58 12
58 14
58 18
58 24
58 28
58 30
58 32
58 36
58 38
58 46
58 52
58 54
58 60
58 66
58 68
58 74
58 76
58 78
58 90
58 98
59 1
59 5
59 7
59 11
59 14
59 17
59 19
59 23
59 27
59 29
59 39
59 43
59 47
59 49
59 53
59 61
59 63
59 69
59 73
59 75
59 79
59 85
59 89
59 91
59 93
59 95
60 6
60 8
60 10
60 12
60 14
60 30
60 32
60 36
60 42
60 48
60 51
60 52
60 56
60 58
60 64
60 68
60 76
60 78
60 84
60 90
60 92
60 94
60 96
60 98
61 3
61 5
61 7
61 17
61 19
61 23
61 25
61 27
61 35
61 39
61 41
61 45
61 47
61 51
61 59
61 65
61 69
61 75
61 79
61 81
61 83
61 87
61 91
61 93
61 99
62 2
62 4
62 10
62 14
62 18
62 20
62 24
62 26
62 28
62 30
62 32
62 34
62 38
62 42
62 44
62 46
62 52
62 54
62 66
62 68
62 70
62 74
62 76
62 78
62 82
62 84
62 88
62 90
62 92
63 17
63 19
63 21
63 23
63 27
63 35
63 45
63 51
63 59
63 65
63 69
63 77
63 79
63 91
63 97
63 99
64 2
64 4
64 10
64 12
64 16
64 18
64 20
64 22
64 24
64 30
64 38
64 40
64 44
64 46
64 48
64 52
64 54
64 56
64 60
64 68
64 70
64 72
64 74
64 76
64 78
64 80
64 84
64 90
64 96
65 7
65 13
65 15
65 17
65 21
65 25
65 29
65 33
65 39
65 45
65 47
65 49
65 51
65 53
65 61
65 63
65 67
65 71
65 73
65 79
65 83
65 85
65 87
65 89
65 99
66 4
66 8
66 14
66 20
66 22
66 24
66 26
66 28
66 30
66 32
66 34
66 36
66 38
66 42
66 46
66 48
66 52
66 56
66 58
66 62
66 68
66 72
66 74
66 86
66 94
66 96
66 100
67 1
67 5
67 7
67 11
67 17
67 23
67 27
67 29
67 35
67 39
67 45
67 47
67 49
67 53
67 65
67 69
67 71
67 73
67 75
67 79
67 85
67 87
67 90
67 97
67 99
68 2
68 6
68 16
68 18
68 22
68 28
68 36
68 40
68 42
68 44
68 46
68 50
68 52
68 54
68 58
68 60
68 62
68 64
68 66
68 70
68 72
68 78
68 82
68 84
68 88
68 92
68 94
68 100
69 1
69 3
69 5
69 7
69 9
69 11
69 13
69 15
69 21
69 25
69 27
69 31
69 35
69 39
69 41
69 45
69 53
69 57
69 59
69 61
69 63
69 67
69 71
69 75
69 81
69 83
69 85
69 89
69 91
69 93
69 97
69 99
70 2
70 8
70 10
70 16
70 18
70 22
70 24
70 26
70 30
70 34
70 38
70 40
70 44
70 46
70 54
70 62
70 64
70 68
70 72
70 74
70 76
70 80
70 82
70 88
70 96
70 98
71 3
71 5
71 7
71 13
71 15
71 21
71 23
71 25
71 27
71 29
71 35
71 37
71 45
71 49
71 65
71 67
71 69
71 73
71 77
71 79
71 81
71 83
71 85
71 95
71 99
72 2
72 10
72 12
72 16
72 18
72 20
72 22
72 26
72 32
72 36
72 42
72 48
72 52
72 64
72 66
72 68
72 70
72 76
72 78
72 82
72 86
72 90
72 92
72 94
72 96
72 100
73 1
73 7
73 19
73 21
73 23
73 25
73 29
73 33
73 35
73 37
73 51
73 55
73 59
73 65
73 67
73 71
73 75
73 81
73 85
73 91
73 93
73 95
73 97
73 99
74 2
74 6
74 12
74 14
74 20
74 30
74 32
74 36
74 38
74 42
74 44
74 54
74 58
74 62
74 64
74 66
74 70
74 78
74 80
74 82
74 88
74 92
74 94
74 98
75 7
75 9
75 11
75 13
75 17
75 19
75 27
75 29
75 31
75 35
75 39
75 41
75 47
75 49
75 51
75 57
75 59
75 61
75 67
75 69
75 73
75 81
75 89
75 91
75 95
75 97
75 99
76 10
76 12
76 22
76 24
76 28
76 32
76 38
76 40
76 42
76 44
76 46
76 50
76 54
76 58
76 60
76 62
76 64
76 70
76 72
76 82
76 84
76 86
76 92
76 96
76 98
77 5
77 9
77 11
77 15
77 17
77 21
77 23
77 27
77 29
77 31
77 37
77 39
77 43
77 45
77 51
77 53
77 57
77 63
77 71
77 85
77 91
77 93
77 95
77 97
78 2
78 4
78 8
78 10
78 14
78 16
78 18
78 20
78 24
78 28
78 32
78 38
78 40
78 44
78 46
78 50
78 54
78 58
78 60
78 62
78 64
78 68
78 72
78 74
78 80
78 82
78 84
78 90
78 94
78 98
79 7
79 11
79 21
79 29
79 31
79 43
79 45
79 49
79 51
79 53
79 55
79 59
79 61
79 63
79 65
79 67
79 71
79 85
79 89
79 95
79 99
80 4
80 10
80 12
80 14
80 20
80 22
80 26
80 32
80 38
80 40
80 42
80 44
80 52
80 64
80 70
80 74
80 78
80 82
80 84
80 86
80 94
80 98
80 100
81 1
81 5
81 7
81 9
81 11
81 19
81 23
81 27
81 31
81 37
81 39
81 43
81 45
81 49
81 51
81 57
81 61
81 69
81 71
81 73
81 75
81 83
81 85
81 87
81 89
81 91
81 95
81 97
82 4
82 6
82 8
82 10
82 12
82 14
82 16
82 24
82 36
82 40
82 42
82 44
82 48
82 50
82 52
82 62
82 68
82 70
82 72
82 74
82 76
82 78
82 80
82 84
82 86
82 88
82 90
82 94
82 96
82 98
82 100
83 1
83 5
83 7
83 15
83 17
83 21
83 31
83 39
83 41
83 43
83 45
83 47
83 49
83 51
83 55
83 57
83 61
83 65
83 69
83 71
83 81
83 85
83 87
83 91
83 95
83 97
84 8
84 16
84 20
84 36
84 46
84 56
84 60
84 62
84 64
84 68
84 76
84 78
84 80
84 82
84 96
84 100
85 5
85 13
85 19
85 21
85 29
85 37
85 39
85 47
85 59
85 65
85 67
85 69
85 71
85 73
85 77
85 79
85 81
85 83
85 89
85 91
85 95
85 99
86 2
86 4
86 6
86 8
86 18
86 24
86 26
86 28
86 32
86 36
86 38
86 40
86 42
86 52
86 66
86 72
86 76
86 80
86 82
86 88
86 90
86 92
86 94
87 3
87 5
87 9
87 11
87 15
87 17
87 19
87 23
87 25
87 27
87 29
87 31
87 33
87 39
87 43
87 45
87 47
87 49
87 55
87 61
87 65
87 67
87 81
87 83
87 89
87 95
88 2
88 4
88 6
88 8
88 10
88 12
88 18
88 20
88 22
88 24
88 26
88 30
88 40
88 50
88 52
88 54
88 62
88 68
88 70
88 74
88 82
88 86
88 90
88 92
88 97
88 98
89 3
89 11
89 13
89 17
89 19
89 21
89 33
89 35
89 37
89 39
89 43
89 45
89 51
89 59
89 65
89 69
89 75
89 79
89 81
89 85
89 87
89 91
89 93
89 95
90 4
90 10
90 12
90 16
90 20
90 22
90 26
90 28
90 30
90 32
90 36
90 40
90 42
90 44
90 46
90 52
90 54
90 56
90 58
90 60
90 62
90 64
90 67
90 72
90 78
90 82
90 86
90 88
91 3
91 7
91 13
91 17
91 27
91 29
91 39
91 41
91 43
91 49
91 53
91 55
91 59
91 61
91 63
91 69
91 73
91 75
91 77
91 81
91 83
91 85
91 89
91 97
92 10
92 20
92 24
92 26
92 28
92 38
92 42
92 44
92 46
92 60
92 62
92 68
92 72
92 74
92 76
92 86
92 88
93 1
93 11
93 13
93 21
93 23
93 25
93 27
93 41
93 43
93 49
93 51
93 55
93 59
93 61
93 69
93 73
93 77
93 89
93 97
93 99
94 4
94 8
94 18
94 24
94 26
94 28
94 30
94 34
94 40
94 44
94 46
94 52
94 54
94 60
94 66
94 68
94 72
94 74
94 78
94 80
94 82
94 86
94 100
95 15
95 23
95 27
95 33
95 35
95 37
95 39
95 45
95 49
95 51
95 53
95 57
95 59
95 71
95 73
95 75
95 77
95 79
95 81
95 83
95 85
95 87
95 89
95 97
95 99
96 2
96 4
96 8
96 16
96 18
96 20
96 24
96 26
96 32
96 34
96 40
96 48
96 60
96 64
96 66
96 70
96 72
96 76
96 82
96 84
96 98
96 100
97 7
97 9
97 15
97 21
97 23
97 25
97 35
97 37
97 39
97 43
97 45
97 47
97 49
97 51
97 63
97 67
97 69
97 73
97 75
97 77
97 81
97 83
97 88
97 91
97 93
97 95
97 99
98 4
98 10
98 24
98 26
98 30
98 32
98 46
98 48
98 50
98 54
98 58
98 60
98 70
98 74
98 76
98 78
98 80
98 82
98 88
98 96
99 1
99 3
99 5
99 9
99 11
99 19
99 21
99 25
99 29
99 35
99 43
99 45
99 47
99 55
99 61
99 63
99 65
99 67
99 69
99 71
99 73
99 75
99 79
99 85
99 93
99 95
99 97
100 4
100 6
100 18
100 22
100 24
100 26
100 32
100 36
100 38
100 40
100 42
100 48
100 52
100 54
100 66
100 68
100 72
100 80
100 82
100 84
100 94
100 96
